0101
0102
0103
0104
0105
0106
0110
0112
0113
0116
0301
0302
0303
0304
0305
0306
0307
0308
0309
0501
0502
0504
0505
0506
0507
0508
0509
0510
0511
0513
0514
0515
0516
0519
0520
0521
0522
0523
0524
0525
0526
0527
0531
0533
0535
0550
0606
0607
0608
0609
0610
0614
0617
0618
0619
0620
0621
0622
0623
0624
0625
0626
0627
0630
0632
0633
0634
0635
0640
0650
0660
0680
0681
0682
0684
0685
0686
0688
0692
0693
0697
0696
0699
0801
0804
0805
0806
0813
0825
0827
0835
0853
0855
0875
0876
0878
0879
0880
0881
0882
0883
0884
0885
0886
0887
0890
0891
1001
1004
1005
1006
1008
1009
1010
1011
1012
1013
1014
1015
1016
1017
1018
1023
1024
1025
1026
1028
1029
1030
1031
1032
1040
1050
1051
1055
1060
1099
1105
1106
1107
1108
1109
1110
1111
1112
1113
1114
1115
1701
1710
1715
2001
2009
2010
2011
2012
2013
2014
2015
2019
2020
2021
2035
2037
2039
2040
2041
2042
2043
2044
2045
2046
2060
2061
2065
2066
2067
2068
2076
2080
2081
2082
2083
3001
4001
4002
4003
4004
4005
4006
4010
4011
4040
4050
4055
5001

