5 0 11341 11276 11407
5 1 11407 11354 11591
5 2 7043 6956 6869
5 3 5613 5722 5686
5 4 4686 4677 4674
5 8 3661 3436 3628
5 16 2991 3031 3005
10 0 46030 45988 48758
10 1 45807 45878 45840
10 2 24632 24623 24752
10 3 17593 17564 17538
10 4 13816 13917 13863
10 8 8372 8439 8372
10 16 5729 5895 5783
20 0 293886 294003 295727
20 1 300939 293415 291747
20 2 146783 149430 149122
20 3 101172 101138 103330
20 4 76680 75868 77813
20 8 40911 40442 40796
20 16 22436 24055 22586
50 0 2209527 2202029 2204876 2209643 2250524
50 1 2202608 2205556 2211945 2214011 2249103 2244147
50 2 1104792 1107370 1108612 1120053 1108512 1127873
50 3 741593 741842 746741 745451 758520 749456
50 4 558429 560548 571683 560201 561475 558338
50 8 284154 284549 294056
50 16 151972 148798 154135
100 0 9828932
100 1 9829771
100 2 4915638
100 3 3199723
100 4 2457193
100 8 1205453
100 16 613783
200 0 40490727
200 1 40488976
200 2 20244796
200 3 13496221
200 4 10122687
200 8 5061208
200 16 2530561
