5 0 1712 1709 1908
5 1 1829 1702 1729
5 2 1874 1847 1648
5 3 1913 1872 1904
5 4 1715 1650 1758
5 8 1884 1843 1889
5 16 1817 1823 1746
10 0 4509 4989 4969
10 1 4541 4600 4608
10 2 3483 3576 3516
10 3 3193 3383 3209
10 4 2978 2818 2791
10 8 2639 2577 2420
10 16 2458 2410 2388
20 0 21182 22089 22156
20 1 21517 20861 20056
20 2 13270 13484 13204
20 3 9985 10581 9678
20 4 8360 8221 8327
20 8 5991 6078 6020
20 16 4808 4736 4983
50 0 132444 135835 135387
50 1 140235 141524 135774
50 2 76905 74421 74857
50 3 52734 52483 52592
50 4 41675 41881 41492
50 8 23670 23772 24002
50 16 14706 14711 14929
#100 0 64832 63767 65425
#100 1 65309 64760 61402
#100 2 36195 35828 36128
#100 3 25606 25692 25573
#100 4 20058 21628 19975
#100 8 11446 11609 11554
#100 16 7377 7608 7743
100 0 567950 574958 599741
100 1 586959 599619 607258
100 2 308586 306088 301150
100 3 206980 208032 208515
100 4 157760 158245 157695
100 8 80341 78566 80213
100 16 43501 43198 43397
200 0 2369339 2388322 2417870
200 1 2368062 2354160 2448795
200 2 1214362 1223398 1193548
200 3 795857 794773 794912
200 4 599829 593292 592782
200 8 294451 293621 306500
200 16 146560 151305 150259
